4654.45
4653.81
4653.43
4653.14
4653.73
4653.43
4653.37
4653.36
4656.43
4656.82
4656.64
4656.15
4654.76
4654.68
4654.87
4654.88
4655.1
4655.57
4655.88
4655.91
4655.98
4655.92
4657.57
4658.33
4658.39
4658.35
4658.28
4658.05
4659.43
4659.69
4659.83
4664.8
4664.95
4668.24
4668.95
4670.07
4669.79
4670.17
4670.87
4671.25
4672.23
4671.3
4672.63
4672.84
4676.57
4677.37
4677.97
4677.39
4677.98
4679.49
4679.74
4679.73
4682.69
4684
4687.03
4693.41
4696.93
4697.19
4696.77
4696.18
4695.48
4695.11
4696.05
4695.48
4695.1
4693.02
4689.9
4687.35
4687.35
4682.43
4670.5
4665.68
4668.24
4671.78
4672.33
4672.26
4663.28
4663.79
4659.09
4661.1
4664.16
4663.79
4668.68
4666.89
4665.47
4663.23
4662.88
4662.76
4662.48
4665.22
4665.19
4665.3
4664.56
4665.42
4665.16
4665.98
4666.74
4669.49
4673.38
4671.68
4675.28
4674.59
4673.55
4671.71
4675.8
4675.14
4679.7
4679.69
4679.43
4678.05
4680.18
4680.45
4679.85
4680.7
4678.92
4677.22
4676.72
4676.69
4675.91
4675.5
4676.24
4676.63
4673.8
4674.95
4673.99
4675.53
4672.68
4670.45
4672.09
4670.31
4668.92
4668.96
4667.16
4667.53
4665.27
4667.48
4668.7
4667.85
4667.31
4667.45
4667.2
4665.43
4665.16
4665.77
4665.75
4661.96
4664.01
4662.77
4659.97
4658.74
4658.89
4656.9
4657.5
4661.85
4660.5
4661.13
4662.44
4666.78
4666.02
4665.43
4661.91
4660.03
4660.56
4658.13
4654.6
4652.97
4649.65
4648.09
4646.71
4648.33
4649.06
4648.5
4645.02
4641.35
4641.21
4641.43
4639.44
4641.44
4638.91
4638.12
4638.47
4640.58
4640.21
4641.41
4642.41
4644.24
4647.15
4650.07
4649.56
4650.21
4652.64
4650.84
4649.75
4648.66
4647.23
4646.44
4644.29
4644.56
4645.23
4645.55
4645.66
4644.96
4644.34
4644.87
4644.09
4643.56
4643.88
4644.67
4644.05
4644.21
4644.73
4644.28
4644.7
4644.47
4643.05
4644.29
4644.23
4645.17
4644.14
4645.57
4644.22
4643.68
4644.83
4642.28
4641.04
4641.58
4642.63
4642.66
4641.03
4640.73
4641.47
4642.84
4642.75
4642.96
4642.7
4644.22
4644.44
4644.83
4643.06
4643.28
4643.17
4642.7
4644.04
4640.64
4642.59
4642.93
4641.41
4642.27
4643.34
4644.25
4643.13
4644.39
4645.75
4645.69
4644.88
4644.8
4645.47
4645.47
4645.92
4646.25
4647.12
4646.75
4646.93
4647.24
4647.15
4647.65
4647.58
4647.4
4648.05
4647.05
4646.44
4645.36
4646.64
4645.16
4646.77
4650.8
4651.44
4650.19
4650.68
4651.44
4651.69
4655.43
4656.09
4656.78
4654.78
4658.92
4659.24
4659.15
4658.64
4658.32
4658.06
4657.02
4657.59
4657.39
4657.44
4656.99
4656.51
4656.73
4656.51
4654.27
4650.38
4650.08
4651.29
4650.07
4650.04
4650.56
4647.94
4648.42
4647.28
4646.2
4640.78
4641.38
4638.32
4640.66
4644.78
4643.65
4645.64
4646.84
4646.37
4647.64
4647.57
4648.01
4647.5
4642.9
4639.75
4639.91
4637.47
4624.94
4610.67
4577.61
4566.06
4563.28
4562.61
4562.7
4557.23
4545.07
4540.62
4513.33
4503.89
4474.86
4463.47
4463.69
4465.92
4468.04
4487.03
4494.72
4493.91
4484.33
4478.14
4473.72
4456.19
4447.86
4428.08
4411.77
4395.57
4395.59
4399.98
4405.33
4429.1
4439.41
4457.66
4436.09
4420.61
4419.91
4436.55
4432.86
4421.22
4412.41
4394.95
4384.57
4353.21
4365.41
4358.2
4342.62
4334.54
4323.48
4316.61
4312.09
4300.26
4269.15
4258.4
4257.76
4279.97
4316.83
4328.56
4315.51
4285.08
4272.28
4248.26
4248.87
4243.34
4221.9
4244.8
4265.28
4273.11
4282.32
4301.42
4321.09
4321.31
4323.56
4325.71
4325.91
4333.87
4370.41
4376.28
4380.34
4357.27
4347.07
4343.09
4323.48
4343.31
4353.82
4365.37
4374.54
4366.04
4362.61
4358.46
4355.14
4352.72
4362.96
4359.57
4355.56
4348.46
4350.65
4349.36
4349.91
4351.73
4351.81
4356.65
4351.99
4346.88
4343.84
4339.79
4326.2
4316.04
4301.78
4283.39
4266.27
4295.8
4304.22
4314.12
4328.89
4341.72
4341.49
4335.14
4332.89
4330.62
4326.43
4328.78
4330.61
4338.01
4334.73
4338.74
4337.85
4330.28
4306.54
4293.96
4278.94
4273.46
4282.37
4289.32
4299.1
4307.49
4313.49
4322.57
4332.72
4344.08
4354.47
4350.99
4344.52
4338.59
4350.09
4354.42
4363.43
4378.95
4387.61
4396.31
4415.54
4423.43
4423.21
4408.39
4402.61
4402.87
4406.31
4385.55
4385.77
4379.7
4383.54
4397.28
4397.59
4394.98
4395.07
4396.15
4393.84
4394.17
4403.77
4407.75
4410.05
4413.08
4415.23
4416.13
4421.46
4425.33
4426.51
4431.34
4431.48
4420.31
4405.12
4403.9
4404.19
4404.4
4410.12
4412.43
4415.83
4417.96
4426.96
4432.24
4433.21
4437.37
4437.57
4439.11
4439.88
4440.53
4439
4439.69
4427.54
4422.88
4404.92
4401.83
4400.06
4402.23
4403.15
4406.54
4404.19
4400.91
4397.01
4393.31
4384.15
4367.81
4380.35
4378.97
4372.32
4369.16
4347.69
4344.39
4348.31
4356.75
4353.72
4355.95
4361.93
4364.49
4370.27
4385.96
4387.81
4389.24
4382.31
4385.51
4383.83
4385.07
4384.28
4382.35
4380.52
4379.97
4379.5
4380.19
4379.9
4380.42
4369.99
4369.76
4369.08
4370.19
4370.91
4372.06
4374.84
4375.23
4378.57
4377.35
4377.64
4367.54
4368.75
4369.88
4367.31
4364.15
4362.82
4361.12
4351.99
4348.67
4347.98
4346.84
4338.24
4319.33
4315.02
4307.34
4298.31
4305.63
4306.09
4312.13
4314.65
4315.53
4317.08
4319.93
4321.31
4319.79
4322.78
4322.52
4317.21
4317.07
4318.35
4332.06
4329.89
4333.24
4346.58
4350.24
4345.4
4345.89
4349.78
4355.44
4351.37
4349.91
4353.18
4365.31
4365.95
4366.91
4369.71
4368.66
4367.78
4368.98
4358.65
4358.05
4354.69
4357.76
4368.61
4367.1
4366.66
4366.66
4361.58
4363.81
4356.95
4352.57
4345.72
4344.48
4343.82
4342.95
4341.12
4344.94
4340.07
4336.58
4332.48
4332.1
4331.54
4332.89
4325.25
4320.56
4313.25
4307.44
4313.81
4312.98
4310.2
4314.01
4311.85
4318.29
4322.57
4325.33
4327.52
4321.2
4301.39
4290.99
4287.13
4282.37
4279.42
4279.42
4282.77
4280.87
4281.32
4285.72
4291.7
4298.62
4302.12
4309.07
4307.67
4305.51
4306.67
4299.25
4299.77
4302.68
4300.94
4301.46
4297.15
4297.5
4301.78
4306.91
4309.32
4307.61
4306.28
4308.71
4312.91
4314.28
4319.21
4323.04
4315.96
4312.51
4296.29
4286.37
4282.36
4276.85
4273.62
4278.05
4277.06
4269.95
4257.66
4255.76
4255.09
4263.95
4267.98
4268.35
4265.2
4268.48
4268.42
4262.69
4260.98
4245.18
4225.12
4206.33
4206.35
4203.48
4195.09
4192.22
4182.24
4169.94
4167.25
4161.57
4153.17
4156.57
4179.35
4203.81
4225.14
4221.77
4217.2
4204
4195.5
4203.98
4212.53
4213.43
4212.35
4219.73
4224.73
4230.04
4231.72
4227.13
4230.19
4215.97
4199.88
4205.18
4208.41
4203.84
4199.5
4197.91
4193.91
4182.3
4177.14
4177.32
4179.34
4184.61
4194.83
4208.45
4213.15
4212.13
4214.78
4231.9
4240.74
4238.1
4236.76
4238.18
4223.86
4215.07
4207.82
4204.13
4205.4
4206.43
4202.93
4212.14
4215.78
4220.08
4223.51
4232.16
4236.22
4236.99
4230.62
4217.19
4211.77
4203.56
4201.37
4188.14
4174.43
4163.2
4162.13
4171.21
4184.19
4167.78
4156.15
4145.88
4154.95
4161.29
4165.66
4154.24
4154.29
4150.96
4145.33
4132.69
4140.83
4140.29
4143.56
4141.81
4139.68
4139.64
4141.01
4143.41
4157.26
4151.3
4154.48
4158.12
4158.25
4158.9
4172.44
4175.23
4177.92
4186.84
4197.02
4182.12
4180.55
4187.25
4189.78
4186.74
4185.28
4178.95
4184.23
4180.46
4178.5
4176.59
4171.84
4172.49
4178.71
4185.38
4187.76
4183.23
4183.4
4194.89
4204.63
4215.18
4216.5
4224.28
4224.49
4221.41
4221.41
4224.9
4221.78
4222.36
4220.73
4236.77
4245.51
4252.86
4255.1
4259.91
4258.89
4260.06
4262.13
4250.82
4248.39
4243.27
4240.66
4243.37
4240.45
4235.03
4231.84
4228.78
4222.18
4218.76
4210.41
4211.14
4230.73
4236.21
4234.65
4243.8
4245.72
4243.27
4245.52
4246.28
4246.14
4248.56
4254.55
4256.44
4258.68
4260.89
4268.96
4283.86
4290.58
4304.54
4310.58
4311.74
4307.51
4302.83
4303.35
4305.85
4310.98
4314.15
4319.95
4316.47
4312.91
4311.58
4305.81
4309.92
4312.08
4312.98
4306.64
4306.37
4303.37
4298.71
4305.12
4308.26
4309.01
4309.9
4317.6
4326.27
4332.97
4335.39
4342.69
4328.34
4328.41
4329.63
4333.43
4341.78
4345.75
4348.75
4349.03
4352.3
4351.87
4348.9
4343.21
4342.77
4336.15
4338.09
4331.86
4332.64
4332.14
4331.4
4335.75
4336.81
4333.12
4313.53
4313.66
4301.92
4298.29
4300.51
4308.28
4306.28
4305.96
4308.75
4309.93
4315.61
4316.28
4317.83
4323.02
4326.26
4327.09
4327.17
4320.98
4314.01
4301.51
4300.07
4299.71
4300.27
4295.46
4290.8
4287.08
4286.74
4282.52
4279.85
4273.97
4274.42
4272.46
4279.88
4292.65
4301.29
4302.25
4300
4298.6
4301.34
4309
4314.52
4324.37
4325.19
4323.12
4320.17
4318.36
4320.21
4325.73
4327.49
4331.59
4334.38
4335
4333.25
4334.7
4335.85
4337.98
4339.35
4333.84
4334.27
4332.18
4324.62
4325.01
4326.86
4326.03
4324.83
4323.07
4321.36
4320.76
4317.7
4318.8
4320.36
4317.84
4313.63
4311.26
4307.92
4306.23
4304.13
4291.85
4288.1
4291.02
4289.45
4290.41
4304.33
4298.32
4301.8
4301.13
4295.29
4303.16
4298.02
4293.02
4283.52
4279.58
4278.19
4279.22
4276.58
4267.26
4268.66
4270.61
4272.44
4266.18
4266.05
4255.2
4255.32
4239.4
4232.96
4235.78
4231.19
4228.35
4224.73
4225.46
4234.84
4240.65
4244.25
4248.1
4239.76
4238.33
4242.26
4243.54
4243.67
4243.82
4244.54
4244.79
4246.97
4250.94
4249.19
4244.45
4243.87
4238.41
4233.55
4225.59
4225.06
4228.32
4226.24
4226.41
4231.96
4232.78
4237.88
4239.63
4235.95
4236.67
4239.46
4237.16
4229.68
4220.2
4216.25
4215.98
4220.16
4215.95
4208.1
4202.94
4196.18
4196.17
4194.47
4192.77
4200.46
4206.8
4217.73
4215.4
4216.37
4228.13
4229.52
4234.74
4237.17
4238.55
4237.01
4234.23
4225.9
4223.12
4218.76
4213.38
4202.3
4199.9
4209.87
4220.22
4220.17
4225.59
4231.69
4234.4
4246
4261.36
4263.6
4266.67
4267.61
4270.56
4269.95
4271.62
4267.67
4267.06
4267.15
4264.42
4261.78
4263.01
4261.61
4264.27
4269.84
4275.04
4277.54
4278.05
4277.27
4289.27
4306.03
4313.7
4312.51
4304.59
4305.09
4308.62
4306.42
4305.79
4306.07
4303.91
4303.46
4300.57
4299.34
4302.11
4301.77
4303.8
4307.31
4312.49
4314.84
4312.97
4312.52
4307.74
4305.16
4298.09
4296.6
4290.28
4289.82
4283.05
4283.18
4286.25
4293.25
4296.75
4314.94
4308.66
4309.11
4292.74
4293.37
4295.35
4294.8
4291.99
4291.34
4287.51
4285.83
4285.37
4280.67
4273.98
4274.88
4275.69
4275.7
4276.1
4280.79
4281.6
4283.22
4283.21
4286.48
4288.04
4288.01
4284.27
4283.79
4273.83
4264.92
4262.62
4261.6
4254.81
4246.98
4242.98
4242.48
4236.75
4234.02
4241
4243.59
4248.19
4247.93
4253.67
4247.22
4242.3
4249.9
4255.29
4253.11
4261.65
4264.5
4263
4259.58
4262.07
4258.97
4262.93
4265.59
4265.01
4268.85
4276.93
4278.23
4283.71
4287.73
4290.1
4291
4292.87
4296.43
4295.66
4291.92
4289.24
4286.83
4288.05
4285.6
4285.35
4287.29
4293.4
4294.81
4294.71
4297.94
4298.1
4302.31
4299.95
4295.96
4296.17
4293.44
4293.1
4297.47
4297.85
4298.31
4296.87
4296.88
4303.35
4305.61
4310.16
4313.9
4320.71
4321.64
4325.12
4345.72
4348.24
4347.32
4351.3
4353.21
4355.72
4355.56
4354.81
4354.01
4354.79
4355.33
4348.95
4344.66
4343.43
4337.18
4343.39
4348.27
4354.98
4355.8
4354.88
4354.1
4350
4352.3
4355.2
4357.07
4366.55
4368.12
4370.11
4367.15
4369
4366.9
4368.92
4369.9
4371.54
4372.2
4383.98
4384.8
4380.17
4378.97
4383.68
4384.75
4385.37
4390.17
4391.89
4392.09
4395.05
4396.31
4397.83
4399.7
4395.34
4391.33
4377.87
4372.11
4362.71
4360.13
4363.54
4371.66
4374.52
4371.01
4372.97
4374.08
4373.81
4374.09
4372.1
4369.5
4367.92
4360.46
4365.11
4370.61
4371.32
4368.93
4372.42
4373.48
4372.79
4373.99
4375.28
4371.21
4371.54
4369.96
4368.39
4366.4
4368.09
4373.69
4373.27
4369.15
4367.73
4365.28
4369.23
4374.22
4373.78
4375.13
4379.21
4375.53
4375.58
4374.61
4376.26
4374.8
4374.32
4374.95
4366.89
4366.87
4363.79
4366.75
4366.6
4362.98
4365.02
4366.58
4365.72
4363.31
4363.69
4372.03
4372.43
4381.3
4380.96
4385.96
4386.14
4385.61
4387.03
4388.89
4391.71
4393.66
4396.09
4389.96
4391.36
4389.86
4389.13
4387.38
4385.97
4379.05
4384.78
4384.16
4385.88
4386.54
4386.37
4384.86
4379.67
4376.22
4378.16
4380.36
4382.74
4380.43
4377.68
4367.15
4357.91
4356.45
4356.53
4354.2
4348.62
4339.5
4337.4
4337.27
4343.11
4351.52
4354.16
4354.27
4352.9
4353.71
4353.54
4354.08
4354.36
4355.57
4359.17
4363.12
4363.96
